user_a, user_b, time_step
0,0,0
1,1,0
1,3,0
2,2,0
3,1,0
3,3,0
4,4,0
5,5,0
5,9,0
6,6,0
7,7,0
8,8,0
9,5,0
9,9,0
0,0,1
1,1,1
2,2,1
3,3,1
4,4,1
5,5,1
5,6,1
6,5,1
6,6,1
7,7,1
8,8,1
9,9,1
0,0,2
1,1,2
1,3,2
2,2,2
3,1,2
3,3,2
4,4,2
5,5,2
6,6,2
7,7,2
8,8,2
9,9,2
0,0,3
1,1,3
1,3,3
2,2,3
3,1,3
3,3,3
4,4,3
5,5,3
6,6,3
7,7,3
8,8,3
9,9,3
0,0,4
1,1,4
1,3,4
2,2,4
3,1,4
3,3,4
4,4,4
5,5,4
6,6,4
7,7,4
8,8,4
9,9,4
0,0,5
1,1,5
1,3,5
2,2,5
3,1,5
3,3,5
4,4,5
5,5,5
6,6,5
7,7,5
8,8,5
9,9,5
0,0,6
1,1,6
2,2,6
3,3,6
4,4,6
5,5,6
6,6,6
7,7,6
8,8,6
9,9,6
0,0,7
1,1,7
1,3,7
2,2,7
3,1,7
3,3,7
4,4,7
5,5,7
6,6,7
7,7,7
8,8,7
9,9,7
0,0,8
1,1,8
1,3,8
2,2,8
3,1,8
3,3,8
4,4,8
5,5,8
6,6,8
7,7,8
8,8,8
9,9,8
0,0,9
1,1,9
1,3,9
2,2,9
3,1,9
3,3,9
4,4,9
5,5,9
6,6,9
7,7,9
8,8,9
9,9,9
0,0,10
1,1,10
1,3,10
2,2,10
3,1,10
3,3,10
4,4,10
5,5,10
6,6,10
7,7,10
8,8,10
9,9,10
0,0,11
1,1,11
1,3,11
2,2,11
3,1,11
3,3,11
4,4,11
5,5,11
6,6,11
7,7,11
8,8,11
9,9,11
0,0,12
1,1,12
1,3,12
2,2,12
3,1,12
3,3,12
4,4,12
5,5,12
6,6,12
7,7,12
8,8,12
9,9,12
0,0,13
1,1,13
1,3,13
2,2,13
3,1,13
3,3,13
4,4,13
5,5,13
6,6,13
7,7,13
8,8,13
9,9,13
0,0,14
1,1,14
2,2,14
3,3,14
4,4,14
5,5,14
6,6,14
7,7,14
8,8,14
9,9,14
0,0,15
1,1,15
2,2,15
3,3,15
4,4,15
5,5,15
6,6,15
7,7,15
8,8,15
9,9,15
0,0,16
1,1,16
2,2,16
3,3,16
4,4,16
5,5,16
6,6,16
7,7,16
8,8,16
9,9,16
0,0,17
1,1,17
2,2,17
3,3,17
4,4,17
5,5,17
6,6,17
7,7,17
8,8,17
9,9,17
0,0,18
1,1,18
2,2,18
3,3,18
4,4,18
5,5,18
6,6,18
7,7,18
8,8,18
9,9,18
0,0,19
1,1,19
2,2,19
3,3,19
4,4,19
5,5,19
6,6,19
7,7,19
8,8,19
9,9,19
0,0,20
1,1,20
2,2,20
3,3,20
4,4,20
5,5,20
6,6,20
7,7,20
8,8,20
9,9,20
0,0,21
1,1,21
2,2,21
3,3,21
4,4,21
5,5,21
6,6,21
7,7,21
8,8,21
9,9,21
0,0,22
1,1,22
2,2,22
3,3,22
4,4,22
5,5,22
6,6,22
7,7,22
8,8,22
9,9,22
0,0,23
1,1,23
2,2,23
3,3,23
4,4,23
5,5,23
6,6,23
7,7,23
8,8,23
9,9,23
0,0,24
1,1,24
2,2,24
3,3,24
4,4,24
5,5,24
6,6,24
7,7,24
8,8,24
9,9,24
0,0,25
1,1,25
2,2,25
3,3,25
4,4,25
5,5,25
6,6,25
7,7,25
8,8,25
9,9,25
0,0,26
1,1,26
2,2,26
3,3,26
4,4,26
5,5,26
6,6,26
7,7,26
8,8,26
9,9,26
0,0,27
1,1,27
2,2,27
3,3,27
4,4,27
5,5,27
5,6,27
6,5,27
6,6,27
7,7,27
8,8,27
9,9,27
0,0,28
1,1,28
2,2,28
3,3,28
4,4,28
5,5,28
5,6,28
6,5,28
6,6,28
7,7,28
8,8,28
9,9,28
0,0,29
1,1,29
2,2,29
3,3,29
4,4,29
5,5,29
5,6,29
6,5,29
6,6,29
7,7,29
8,8,29
9,9,29
0,0,30
1,1,30
2,2,30
3,3,30
4,4,30
5,5,30
6,6,30
7,7,30
8,8,30
9,9,30
0,0,31
1,1,31
2,2,31
3,3,31
4,4,31
5,5,31
5,6,31
6,5,31
6,6,31
7,7,31
8,8,31
9,9,31
0,0,32
1,1,32
2,2,32
3,3,32
4,4,32
5,5,32
5,6,32
6,5,32
6,6,32
7,7,32
8,8,32
9,9,32
0,0,33
1,1,33
2,2,33
3,3,33
4,4,33
5,5,33
5,6,33
6,5,33
6,6,33
7,7,33
8,8,33
9,9,33
0,0,34
1,1,34
2,2,34
3,3,34
4,4,34
5,5,34
5,6,34
6,5,34
6,6,34
7,7,34
8,8,34
9,9,34
0,0,35
1,1,35
2,2,35
3,3,35
4,4,35
5,5,35
5,6,35
6,5,35
6,6,35
7,7,35
8,8,35
9,9,35
0,0,36
1,1,36
2,2,36
3,3,36
4,4,36
5,5,36
6,6,36
7,7,36
8,8,36
9,9,36
0,0,37
1,1,37
2,2,37
3,3,37
4,4,37
5,5,37
6,6,37
7,7,37
8,8,37
9,9,37
0,0,38
1,1,38
2,2,38
3,3,38
4,4,38
5,5,38
6,6,38
7,7,38
8,8,38
9,9,38
0,0,39
1,1,39
2,2,39
3,3,39
4,4,39
5,5,39
6,6,39
7,7,39
8,8,39
9,9,39
0,0,40
1,1,40
2,2,40
3,3,40
4,4,40
5,5,40
6,6,40
7,7,40
8,8,40
9,9,40
0,0,41
1,1,41
2,2,41
3,3,41
4,4,41
5,5,41
6,6,41
7,7,41
8,8,41
9,9,41
0,0,42
1,1,42
2,2,42
3,3,42
4,4,42
5,5,42
6,6,42
7,7,42
8,8,42
9,9,42
0,0,43
1,1,43
2,2,43
3,3,43
4,4,43
5,5,43
6,6,43
7,7,43
8,8,43
9,9,43
0,0,44
1,1,44
2,2,44
3,3,44
4,4,44
5,5,44
6,6,44
7,7,44
8,8,44
9,9,44
0,0,45
1,1,45
2,2,45
3,3,45
4,4,45
5,5,45
6,6,45
7,7,45
8,8,45
9,9,45
0,0,46
1,1,46
2,2,46
3,3,46
4,4,46
5,5,46
6,6,46
7,7,46
8,8,46
9,9,46
0,0,47
1,1,47
2,2,47
3,3,47
4,4,47
5,5,47
6,6,47
7,7,47
8,8,47
9,9,47
0,0,48
1,1,48
2,2,48
3,3,48
4,4,48
5,5,48
6,6,48
7,7,48
8,8,48
9,9,48
0,0,49
1,1,49
2,2,49
3,3,49
4,4,49
5,5,49
6,6,49
7,7,49
8,8,49
9,9,49
0,0,50
1,1,50
2,2,50
3,3,50
4,4,50
5,5,50
6,6,50
7,7,50
8,8,50
9,9,50
0,0,51
1,1,51
2,2,51
3,3,51
4,4,51
5,5,51
6,6,51
7,7,51
8,8,51
9,9,51
0,0,52
1,1,52
2,2,52
3,3,52
4,4,52
5,5,52
6,6,52
7,7,52
8,8,52
9,9,52
0,0,53
1,1,53
2,2,53
3,3,53
4,4,53
5,5,53
6,6,53
7,7,53
8,8,53
9,9,53
0,0,54
1,1,54
2,2,54
3,3,54
4,4,54
5,5,54
6,6,54
6,8,54
7,7,54
8,6,54
8,8,54
9,9,54
0,0,55
1,1,55
2,2,55
3,3,55
4,4,55
5,5,55
6,6,55
6,8,55
7,7,55
8,6,55
8,8,55
9,9,55
0,0,56
1,1,56
2,2,56
3,3,56
4,4,56
5,5,56
6,6,56
7,7,56
8,8,56
9,9,56
0,0,57
1,1,57
2,2,57
3,3,57
4,4,57
5,5,57
6,6,57
6,8,57
7,7,57
8,6,57
8,8,57
9,9,57
0,0,58
1,1,58
2,2,58
3,3,58
4,4,58
5,5,58
6,6,58
7,7,58
8,8,58
9,9,58
0,0,59
1,1,59
2,2,59
3,3,59
4,4,59
5,5,59
6,6,59
6,8,59
7,7,59
8,6,59
8,8,59
9,9,59
0,0,60
1,1,60
2,2,60
3,3,60
4,4,60
5,5,60
6,6,60
6,8,60
7,7,60
8,6,60
8,8,60
9,9,60
0,0,61
1,1,61
2,2,61
3,3,61
4,4,61
5,5,61
6,6,61
6,8,61
7,7,61
8,6,61
8,8,61
9,9,61
0,0,62
1,1,62
2,2,62
3,3,62
4,4,62
5,5,62
6,6,62
7,7,62
8,8,62
9,9,62
0,0,63
1,1,63
2,2,63
3,3,63
4,4,63
5,5,63
6,6,63
7,7,63
8,8,63
9,9,63
0,0,64
1,1,64
2,2,64
3,3,64
4,4,64
5,5,64
6,6,64
6,8,64
7,7,64
8,6,64
8,8,64
9,9,64
0,0,65
1,1,65
2,2,65
3,3,65
4,4,65
5,5,65
5,7,65
6,6,65
6,8,65
7,5,65
7,7,65
8,6,65
8,8,65
9,9,65
0,0,66
1,1,66
2,2,66
3,3,66
4,4,66
5,5,66
5,7,66
6,6,66
6,8,66
7,5,66
7,7,66
8,6,66
8,8,66
9,9,66
0,0,67
1,1,67
2,2,67
3,3,67
4,4,67
5,5,67
6,6,67
7,7,67
8,8,67
9,9,67
0,0,68
1,1,68
2,2,68
3,3,68
4,4,68
5,5,68
6,6,68
7,7,68
8,8,68
9,9,68
0,0,69
1,1,69
2,2,69
3,3,69
4,4,69
5,5,69
6,6,69
7,7,69
8,8,69
9,9,69
0,0,70
1,1,70
2,2,70
3,3,70
4,4,70
5,5,70
6,6,70
7,7,70
8,8,70
9,9,70
0,0,71
1,1,71
2,2,71
3,3,71
4,4,71
5,5,71
5,7,71
6,6,71
7,5,71
7,7,71
8,8,71
9,9,71
0,0,72
1,1,72
2,2,72
3,3,72
4,4,72
5,5,72
6,6,72
7,7,72
8,8,72
9,9,72
0,0,73
1,1,73
1,9,73
2,2,73
3,3,73
4,4,73
5,5,73
6,6,73
7,7,73
8,8,73
9,1,73
9,9,73
0,0,74
1,1,74
2,2,74
3,3,74
4,4,74
5,5,74
6,6,74
7,7,74
8,8,74
9,9,74
0,0,75
1,1,75
2,2,75
3,3,75
4,4,75
5,5,75
6,6,75
7,7,75
8,8,75
9,9,75
0,0,76
1,1,76
2,2,76
3,3,76
4,4,76
5,5,76
5,7,76
6,6,76
7,5,76
7,7,76
8,8,76
9,9,76
0,0,77
1,1,77
2,2,77
3,3,77
3,9,77
4,4,77
5,5,77
5,7,77
6,6,77
7,5,77
7,7,77
8,8,77
9,3,77
9,9,77
0,0,78
1,1,78
2,2,78
3,3,78
4,4,78
5,5,78
5,7,78
6,6,78
7,5,78
7,7,78
8,8,78
9,9,78
0,0,79
1,1,79
2,2,79
3,3,79
4,4,79
5,5,79
6,6,79
7,7,79
8,8,79
9,9,79
0,0,80
1,1,80
2,2,80
3,3,80
4,4,80
5,5,80
6,6,80
7,7,80
8,8,80
9,9,80
0,0,81
1,1,81
2,2,81
3,3,81
4,4,81
5,5,81
6,6,81
7,7,81
8,8,81
9,9,81
0,0,82
1,1,82
2,2,82
3,3,82
4,4,82
5,5,82
6,6,82
7,7,82
8,8,82
9,9,82
0,0,83
1,1,83
2,2,83
3,3,83
4,4,83
5,5,83
6,6,83
7,7,83
8,8,83
9,9,83
0,0,84
1,1,84
2,2,84
3,3,84
4,4,84
5,5,84
6,6,84
7,7,84
8,8,84
9,9,84
0,0,85
1,1,85
2,2,85
3,3,85
3,9,85
4,4,85
5,5,85
6,6,85
7,7,85
8,8,85
9,3,85
9,9,85
0,0,86
1,1,86
2,2,86
3,3,86
4,4,86
5,5,86
6,6,86
7,7,86
8,8,86
9,9,86
0,0,87
1,1,87
2,2,87
3,3,87
4,4,87
5,5,87
6,6,87
7,7,87
8,8,87
9,9,87
0,0,88
1,1,88
2,2,88
3,3,88
4,4,88
5,5,88
6,6,88
7,7,88
8,8,88
9,9,88
0,0,89
1,1,89
2,2,89
3,3,89
4,4,89
5,5,89
6,6,89
7,7,89
8,8,89
9,9,89
0,0,90
1,1,90
2,2,90
3,3,90
4,4,90
5,5,90
6,6,90
7,7,90
8,8,90
9,9,90
0,0,91
1,1,91
2,2,91
3,3,91
4,4,91
5,5,91
6,6,91
7,7,91
8,8,91
9,9,91
0,0,92
1,1,92
2,2,92
3,3,92
4,4,92
5,5,92
6,6,92
7,7,92
8,8,92
9,9,92
0,0,93
1,1,93
2,2,93
3,3,93
4,4,93
5,5,93
5,7,93
6,6,93
7,5,93
7,7,93
8,8,93
9,9,93
0,0,94
1,1,94
2,2,94
3,3,94
4,4,94
5,5,94
5,7,94
6,6,94
7,5,94
7,7,94
8,8,94
9,9,94
0,0,95
1,1,95
2,2,95
3,3,95
4,4,95
5,5,95
5,7,95
6,6,95
7,5,95
7,7,95
8,8,95
9,9,95
0,0,96
1,1,96
2,2,96
3,3,96
4,4,96
5,5,96
5,7,96
6,6,96
7,5,96
7,7,96
8,8,96
9,9,96
0,0,97
1,1,97
2,2,97
3,3,97
4,4,97
5,5,97
5,7,97
6,6,97
7,5,97
7,7,97
8,8,97
9,9,97
0,0,98
1,1,98
2,2,98
3,3,98
4,4,98
5,5,98
6,6,98
7,7,98
8,8,98
9,9,98
0,0,99
1,1,99
2,2,99
3,3,99
4,4,99
5,5,99
5,7,99
6,6,99
7,5,99
7,7,99
8,8,99
9,9,99
