maxsimulationtime=1000	models=Manhattan	locationinitializer=Null	maps=Manhattan	vlines=50,250,450,	dir12lanespace=5	width=500	hlines=50,250,450,	height=500	rangealgorithms=NullPowerAlgorithm	maxacceleration=2	maxspeed=10	fixedacceleration=false	minspeed=5	maxpausetime=10	positiveaccratio=2.0	safedistanceratio=2.0	nodenumber=10	defaultfilter=edu.sharif.ce.dml.common.data.trace.filter.DirectoryFilter	fileaddress=output	isinput=false	multiple=false	filenamegenerator=simple	seed=outputtrace	numberiterate=true	tracewriter=text
Time	Node	PositionX	PositionY	Speed	Direction Angle	Range
1	0	71	250	1089	0	0
1	1	455	216	1023	1057	0
1	2	381	255	0	3014	0
1	3	15	455	0068	3014	0
1	4	352	255	0069	3014	0
1	5	450	493	0	-1057	0
1	6	450	230	0063	-1057	0
1	7	50	457	0	-1057	0
1	8	40	50	0038	0	0
1	9	250	328	0	-1057	0
2	0	73	250	2013	0	0
2	1	455	217	0098	1057	0
2	2	380	255	1031	3014	0
2	3	12	455	2061	3014	0
2	4	352	255	0	3014	0
2	5	450	492	1008	-1057	0
2	6	450	229	1016	-1057	0
2	7	50	457	0042	-1057	0
2	8	41	50	004	0	0
2	9	250	327	1071	-1057	0
3	0	77	250	307	0	0
3	1	455	219	2003	1057	0
3	2	380	255	0	3014	0
3	3	8	455	4057	3014	0
3	4	352	255	0	3014	0
3	5	450	490	105	-1057	0
3	6	450	227	1089	-1057	0
3	7	50	457	0	-1057	0
3	8	41	50	0036	0	0
3	9	250	323	3061	-1057	0
4	0	81	250	4011	0	0
4	1	455	220	0057	1057	0
4	2	380	255	0	3014	0
4	3	4	455	3066	3014	0
4	4	351	255	0075	3014	0
4	5	450	488	1074	-1057	0
4	6	450	224	3017	-1057	0
4	7	50	457	0	-1057	0
4	8	41	50	0	0	0
4	9	250	318	4057	-1057	0
5	0	85	250	4059	0	0
5	1	455	220	0007	1057	0
5	2	378	255	1076	3014	0
5	3	0	455	4028	3014	0
5	4	349	255	1063	3014	0
5	5	450	487	106	-1057	0
5	6	450	221	209	-1057	0
5	7	50	455	1057	-1057	0
5	8	43	50	1091	0	0
5	9	250	316	2081	-1057	0
6	0	89	250	3052	0	0
6	1	455	222	1074	1057	0
6	2	378	255	0036	3014	0
6	3	0	455	4024	3014	0
6	4	346	255	304	3014	0
6	5	450	484	3005	-1057	0
6	6	450	217	4011	-1057	0
6	7	50	455	1091	-1057	0
6	8	47	50	3075	0	0
6	9	250	313	3002	-1057	0
7	0	93	250	3096	0	0
7	1	455	222	0056	1057	0
7	2	377	255	0056	3014	0
7	3	0	455	0	3014	0
7	4	342	255	306	3014	0
7	5	450	480	3064	-1057	0
7	6	450	215	2013	-1057	0
7	7	50	455	0	-1057	0
7	8	50	50	5036	0	0
7	9	250	311	1068	-1057	0
8	0	96	250	303	0	0
8	1	455	222	0	1057	0
8	2	377	255	0	3014	0
8	3	0	455	0	3014	0
8	4	338	255	4033	3014	0
8	5	450	475	5024	-1057	0
8	6	450	212	209	-1057	0
8	7	50	455	0	-1057	0
8	8	50	50	0	0	0
8	9	250	309	1074	-1057	0
9	0	98	250	1069	0	0
9	1	455	222	0	1057	0
9	2	377	255	0	3014	0
9	3	0	455	0	3014	0
9	4	333	255	4082	3014	0
9	5	450	470	5012	-1057	0
9	6	450	208	3056	-1057	0
9	7	50	455	0	-1057	0
9	8	50	50	0	0	0
9	9	250	307	1089	-1057	0
10	0	99	250	1069	0	0
10	1	455	222	0	1057	0
10	2	377	255	0069	3014	0
10	3	0	455	0	3014	0
10	4	328	255	4084	3014	0
10	5	450	464	5035	-1057	0
10	6	450	204	4017	-1057	0
10	7	50	455	0	-1057	0
10	8	50	50	0	0	0
10	9	250	305	1092	-1057	0
11	0	100	250	0052	0	0
11	1	455	224	1096	1057	0
11	2	377	255	0	3014	0
11	3	0	455	0	3014	0
11	4	322	255	6046	3014	0
11	5	450	459	408	-1057	0
11	6	450	200	4035	-1057	0
11	7	50	455	0	-1057	0
11	8	51	50	1099	0	0
11	9	250	303	2003	-1057	0
12	0	100	250	0	0	0
12	1	455	227	2036	1057	0
12	2	376	255	1012	3014	0
12	3	0	450	1017	0	0
12	4	315	255	6049	3014	0
12	5	450	455	6023	-1057	0
12	6	450	194	5029	-1057	0
12	7	50	455	0	-1057	0
12	8	55	50	3046	0	0
12	9	250	300	3054	-1057	0
13	0	101	250	0099	0	0
13	1	455	229	208	1057	0
13	2	373	255	2012	3014	0
13	3	1	450	1072	0	0
13	4	308	255	7058	3014	0
13	5	450	455	0	-1057	0
13	6	450	188	6035	-1057	0
13	7	50	455	0	-1057	0
13	8	60	50	5001	0	0
13	9	250	295	5002	-1057	0
14	0	102	250	1055	0	0
14	1	455	231	1057	1057	0
14	2	372	255	1016	3014	0
14	3	3	450	1092	0	0
14	4	300	255	8007	3014	0
14	5	450	455	0	-1057	0
14	6	450	183	5051	-1057	0
14	7	48	455	1032	3014	0
14	8	64	50	309	0	0
14	9	250	289	6017	-1057	0
15	0	105	250	2031	0	0
15	1	455	234	3021	1057	0
15	2	370	255	2032	3014	0
15	3	3	450	0028	0	0
15	4	291	255	8083	3014	0
15	5	450	455	0	-1057	0
15	6	450	175	7011	-1057	0
15	7	45	455	2077	3014	0
15	8	67	50	3058	0	0
15	9	250	281	7092	-1057	0
16	0	105	250	0046	0	0
16	1	455	237	2056	1057	0
16	2	366	255	3066	3014	0
16	3	3	450	0	0	0
16	4	282	255	9018	3014	0
16	5	450	455	0	-1057	0
16	6	450	168	7047	-1057	0
16	7	42	455	3078	3014	0
16	8	71	50	3094	0	0
16	9	250	272	8019	-1057	0
17	0	106	250	1011	0	0
17	1	455	241	3075	1057	0
17	2	362	255	4003	3014	0
17	3	4	450	0011	0	0
17	4	272	255	903	3014	0
17	5	450	455	0	-1057	0
17	6	450	160	707	-1057	0
17	7	38	455	3087	3014	0
17	8	77	50	5057	0	0
17	9	250	262	10	-1057	0
18	0	106	250	0	0	0
18	1	455	246	5059	1057	0
18	2	358	255	3082	3014	0
18	3	5	450	1048	0	0
18	4	262	255	10	3014	0
18	5	450	455	0	-1057	0
18	6	450	152	8023	-1057	0
18	7	33	455	4048	3014	0
18	8	82	50	4099	0	0
18	9	250	255	10	-1057	0
19	0	107	250	0035	0	0
19	1	455	250	5099	1057	0
19	2	354	255	3094	3014	0
19	3	7	450	1082	0	0
19	4	255	255	10	3014	0
19	5	450	455	0	-1057	0
19	6	450	143	901	-1057	0
19	7	29	455	407	3014	0
19	8	86	50	3093	0	0
19	9	250	255	0	-1057	0
20	0	108	250	103	0	0
20	1	455	250	0	1057	0
20	2	349	255	503	3014	0
20	3	10	450	2085	0	0
20	4	255	255	0	3014	0
20	5	450	454	0034	-1057	0
20	6	450	133	9079	-1057	0
20	7	25	455	3089	3014	0
20	8	89	50	3032	0	0
20	9	250	255	0	-1057	0
21	0	111	250	209	0	0
21	1	455	250	0	1057	0
21	2	343	255	603	3014	0
21	3	14	450	4025	0	0
21	4	255	255	0	3014	0
21	5	450	454	0	-1057	0
21	6	450	123	10	-1057	0
21	7	20	455	4087	3014	0
21	8	92	50	3015	0	0
21	9	250	250	0	0	0
22	0	114	250	3029	0	0
22	1	455	250	0	1057	0
22	2	337	255	5055	3014	0
22	3	19	450	5003	0	0
22	4	255	255	109	1057	0
22	5	450	454	0007	-1057	0
22	6	450	113	10	-1057	0
22	7	15	455	4092	3014	0
22	8	96	50	3071	0	0
22	9	250	250	0073	0	0
23	0	119	250	5027	0	0
23	1	455	250	0	1057	0
23	2	332	255	4085	3014	0
23	3	24	450	5049	0	0
23	4	255	257	2043	1057	0
23	5	450	454	0	-1057	0
23	6	450	104	8082	-1057	0
23	7	8	455	6055	3014	0
23	8	99	50	3031	0	0
23	9	252	250	1091	0	0
24	0	125	250	6004	0	0
24	1	455	250	0	1057	0
24	2	327	255	5029	3014	0
24	3	29	450	4021	0	0
24	4	255	260	3016	1057	0
24	5	450	454	0	-1057	0
24	6	450	94	10	-1057	0
24	7	1	455	7047	3014	0
24	8	101	50	1059	0	0
24	9	256	250	3052	0	0
25	0	133	250	7023	0	0
25	1	455	250	0	1057	0
25	2	323	255	4026	3014	0
25	3	31	450	2025	0	0
25	4	255	265	5004	1057	0
25	5	450	454	0	-1057	0
25	6	450	84	10	-1057	0
25	7	0	455	7016	3014	0
25	8	104	50	3028	0	0
25	9	261	250	5043	0	0
26	0	142	250	8082	0	0
26	1	456	250	1072	0	0
26	2	318	255	4087	3014	0
26	3	34	450	206	0	0
26	4	255	270	4075	1057	0
26	5	450	454	0	-1057	0
26	6	450	74	10	-1057	0
26	7	0	450	8076	0	0
26	8	109	50	4077	0	0
26	9	267	250	6012	0	0
27	0	152	250	10	0	0
27	1	456	250	0019	0	0
27	2	311	255	6078	3014	0
27	3	38	450	4016	0	0
27	4	255	275	5021	1057	0
27	5	450	454	0037	-1057	0
27	6	450	65	9074	-1057	0
27	7	9	450	9092	0	0
27	8	116	50	607	0	0
27	9	275	250	7033	0	0
28	0	162	250	10	0	0
28	1	456	250	0	0	0
28	2	303	255	8076	3014	0
28	3	44	450	5092	0	0
28	4	255	281	5068	1057	0
28	5	450	452	1078	-1057	0
28	6	450	55	10	-1057	0
28	7	19	450	10	0	0
28	8	121	50	5057	0	0
28	9	283	250	8019	0	0
29	0	170	250	8033	0	0
29	1	456	250	0	0	0
29	2	293	255	9014	3014	0
29	3	50	450	6078	0	0
29	4	255	286	503	1057	0
29	5	450	448	3062	-1057	0
29	6	450	55	10	-1057	0
29	7	29	450	9066	0	0
29	8	127	50	6004	0	0
29	9	293	250	10	0	0
30	0	176	250	604	0	0
30	1	458	250	101	0	0
30	2	283	255	10	3014	0
30	3	50	450	7098	-1057	0
30	4	255	291	5012	1057	0
30	5	450	444	4065	-1057	0
30	6	450	55	0	-1057	0
30	7	39	450	10	0	0
30	8	133	50	6017	0	0
30	9	302	250	901	0	0
31	0	183	250	7001	0	0
31	1	459	250	1072	0	0
31	2	273	255	10	3014	0
31	3	50	442	7038	-1057	0
31	4	255	296	5014	1057	0
31	5	450	438	505	-1057	0
31	6	450	55	0	-1057	0
31	7	49	450	10	0	0
31	8	140	50	6032	0	0
31	9	312	250	9073	0	0
32	0	189	250	5038	0	0
32	1	462	250	2076	0	0
32	2	263	255	10	3014	0
32	3	50	434	709	-1057	0
32	4	255	302	5064	1057	0
32	5	450	435	3059	-1057	0
32	6	450	53	1034	-1057	0
32	7	50	450	8098	0	0
32	8	145	50	5018	0	0
32	9	322	250	10	0	0
33	0	194	250	5055	0	0
33	1	466	250	4046	0	0
33	2	255	255	10	3014	0
33	3	50	425	9	-1057	0
33	4	255	307	4079	1057	0
33	5	450	432	2079	-1057	0
33	6	450	52	1063	-1057	0
33	7	60	450	10	0	0
33	8	152	50	6053	0	0
33	9	332	250	10	0	0
34	0	199	250	4057	0	0
34	1	473	250	6045	0	0
34	2	255	255	0	3014	0
34	3	50	417	807	-1057	0
34	4	255	310	3	1057	0
34	5	450	428	4014	-1057	0
34	6	450	50	1017	-1057	0
34	7	70	450	10	0	0
34	8	159	50	7075	0	0
34	9	342	250	10	0	0
35	0	202	250	3007	0	0
35	1	481	250	8023	0	0
35	2	255	255	0	3014	0
35	3	50	409	7019	-1057	0
35	4	255	312	2049	1057	0
35	5	450	423	4069	-1057	0
35	6	450	49	104	-1057	0
35	7	79	450	9	0	0
35	8	168	50	9014	0	0
35	9	350	250	809	0	0
36	0	206	250	3079	0	0
36	1	491	250	9048	0	0
36	2	255	255	0	3014	0
36	3	50	400	9008	-1057	0
36	4	255	315	3008	1057	0
36	5	450	419	3049	-1057	0
36	6	450	47	1054	-1057	0
36	7	88	450	9015	0	0
36	8	176	50	7033	0	0
36	9	358	250	7014	0	0
37	0	211	250	5034	0	0
37	1	500	250	9026	0	0
37	2	255	255	0	3014	0
37	3	50	393	7072	-1057	0
37	4	255	317	1099	1057	0
37	5	450	415	4022	-1057	0
37	6	450	44	3009	-1057	0
37	7	97	450	9016	0	0
37	8	183	50	7011	0	0
37	9	365	250	7034	0	0
38	0	215	250	3071	0	0
38	1	500	255	9044	3014	0
38	2	255	255	0	3014	0
38	3	50	383	9039	-1057	0
38	4	255	318	0083	1057	0
38	5	450	410	5022	-1057	0
38	6	450	42	2008	-1057	0
38	7	107	450	10	0	0
38	8	190	50	7047	0	0
38	9	373	250	8054	0	0
39	0	220	250	5032	0	0
39	1	490	255	10	3014	0
39	2	250	255	109	-1057	0
39	3	50	375	7092	-1057	0
39	4	255	320	1076	1057	0
39	5	450	403	609	-1057	0
39	6	450	40	207	-1057	0
39	7	117	450	10	0	0
39	8	198	50	7027	0	0
39	9	383	250	10	0	0
40	0	227	250	7014	0	0
40	1	480	255	10	3014	0
40	2	250	252	2069	-1057	0
40	3	50	365	9079	-1057	0
40	4	255	322	2027	1057	0
40	5	450	398	501	-1057	0
40	6	450	35	4014	-1057	0
40	7	126	450	809	0	0
40	8	203	50	5036	0	0
40	9	393	250	10	0	0
41	0	234	250	6065	0	0
41	1	470	255	10	3014	0
41	2	250	248	4013	-1057	0
41	3	50	357	8034	-1057	0
41	4	255	325	2081	1057	0
41	5	450	394	3061	-1057	0
41	6	450	30	5079	-1057	0
41	7	134	450	7098	0	0
41	8	208	50	5047	0	0
41	9	402	250	8036	0	0
42	0	242	250	7084	0	0
42	1	460	255	10	3014	0
42	2	250	242	5035	-1057	0
42	3	50	350	7048	-1057	0
42	4	255	326	1008	1057	0
42	5	450	390	4028	-1057	0
42	6	450	26	4008	-1057	0
42	7	140	450	6033	0	0
42	8	215	50	6041	0	0
42	9	410	250	7069	0	0
43	0	250	250	8088	0	0
43	1	455	255	9083	3014	0
43	2	250	237	5062	-1057	0
43	3	50	342	705	-1057	0
43	4	255	327	1044	1057	0
43	5	450	385	5053	-1057	0
43	6	450	21	4081	-1057	0
43	7	147	450	6099	0	0
43	8	221	50	6001	0	0
43	9	418	250	8048	0	0
44	0	250	250	0	0	0
44	1	450	246	8026	-1057	0
44	2	250	230	6056	-1057	0
44	3	50	334	8027	-1057	0
44	4	255	328	0022	1057	0
44	5	450	380	4034	-1057	0
44	6	450	17	402	-1057	0
44	7	154	450	7024	0	0
44	8	229	50	7089	0	0
44	9	427	250	8056	0	0
45	0	250	250	0	0	0
45	1	450	238	8065	-1057	0
45	2	250	222	8043	-1057	0
45	3	50	324	9067	-1057	0
45	4	255	329	1069	1057	0
45	5	450	374	6009	-1057	0
45	6	450	11	5069	-1057	0
45	7	160	450	504	0	0
45	8	236	50	7034	0	0
45	9	436	250	9003	0	0
46	0	250	250	0	0	0
46	1	450	228	9036	-1057	0
46	2	250	213	9006	-1057	0
46	3	50	316	7093	-1057	0
46	4	255	332	2055	1057	0
46	5	450	366	8009	-1057	0
46	6	450	5	5098	-1057	0
46	7	163	450	3043	0	0
46	8	245	50	806	0	0
46	9	446	250	10	0	0
47	0	250	250	0	0	0
47	1	450	218	10	-1057	0
47	2	250	203	10	-1057	0
47	3	50	309	7051	-1057	0
47	4	255	333	0079	1057	0
47	5	450	360	6022	-1057	0
47	6	450	0	701	-1057	0
47	7	165	450	1075	0	0
47	8	250	50	10	0	0
47	9	450	250	10	0	0
48	0	250	250	0	0	0
48	1	450	208	10	-1057	0
48	2	250	193	9043	-1057	0
48	3	50	300	8044	-1057	0
48	4	255	333	0038	1057	0
48	5	450	353	6065	-1057	0
48	6	455	8	8002	1057	0
48	7	168	450	3039	0	0
48	8	250	40	10	-1057	0
48	9	450	250	10	0	0
49	0	250	250	0	0	0
49	1	450	198	10	-1057	0
49	2	250	186	7052	-1057	0
49	3	50	292	8012	-1057	0
49	4	255	334	1002	1057	0
49	5	450	346	609	-1057	0
49	6	455	17	9057	1057	0
49	7	173	450	4061	0	0
49	8	250	30	9004	-1057	0
49	9	458	250	8065	0	0
50	0	250	250	0	0	0
50	1	450	189	9069	-1057	0
50	2	250	177	808	-1057	0
50	3	50	284	8023	-1057	0
50	4	255	336	2014	1057	0
50	5	450	339	7003	-1057	0
50	6	455	26	9013	1057	0
50	7	178	450	4071	0	0
50	8	250	21	9048	-1057	0
50	9	468	250	10	0	0
51	0	250	250	0	0	0
51	1	450	179	10	-1057	0
51	2	250	167	9044	-1057	0
51	3	50	275	9007	-1057	0
51	4	255	337	0083	1057	0
51	5	450	330	8083	-1057	0
51	6	455	35	8088	1057	0
51	7	181	450	3056	0	0
51	8	250	11	10	-1057	0
51	9	477	250	9004	0	0
52	0	250	250	0009	-1057	0
52	1	450	169	10	-1057	0
52	2	250	159	8008	-1057	0
52	3	50	268	7031	-1057	0
52	4	255	340	2062	1057	0
52	5	450	323	7042	-1057	0
52	6	455	45	10	1057	0
52	7	185	450	4025	0	0
52	8	250	1	10	-1057	0
52	9	486	250	9024	0	0
53	0	250	249	0032	-1057	0
53	1	450	159	10	-1057	0
53	2	250	151	8022	-1057	0
53	3	50	261	6089	-1057	0
53	4	255	342	205	1057	0
53	5	450	317	6023	-1057	0
53	6	455	50	10	1057	0
53	7	190	450	5009	0	0
53	8	250	0	10	-1057	0
53	9	495	250	8016	0	0
54	0	250	249	0043	-1057	0
54	1	450	149	10	-1057	0
54	2	250	145	6029	-1057	0
54	3	50	255	6075	-1057	0
54	4	255	345	2061	1057	0
54	5	450	309	7071	-1057	0
54	6	455	55	8062	3014	0
54	7	195	450	4012	0	0
54	8	255	0	10	1057	0
54	9	500	250	9035	0	0
55	0	250	249	0	-1057	0
55	1	450	139	10	-1057	0
55	2	250	137	7052	-1057	0
55	3	42	255	7026	3014	0
55	4	255	348	3032	1057	0
55	5	450	300	9002	-1057	0
55	6	445	55	9001	3014	0
55	7	199	450	4088	0	0
55	8	255	10	10	1057	0
55	9	500	255	9082	3014	0
56	0	250	248	0086	-1057	0
56	1	450	129	10	-1057	0
56	2	250	129	8007	-1057	0
56	3	34	255	806	3014	0
56	4	255	350	1073	1057	0
56	5	450	290	10	-1057	0
56	6	438	55	7076	3014	0
56	7	206	450	6016	0	0
56	8	255	20	10	1057	0
56	9	490	255	10	3014	0
57	0	250	246	202	-1057	0
57	1	450	119	10	-1057	0
57	2	250	120	9062	-1057	0
57	3	24	255	9064	3014	0
57	4	255	352	2001	1057	0
57	5	450	280	10	-1057	0
57	6	430	55	7077	3014	0
57	7	211	450	5065	0	0
57	8	255	30	10	1057	0
57	9	480	255	10	3014	0
58	0	250	242	4017	-1057	0
58	1	450	109	10	-1057	0
58	2	250	110	10	-1057	0
58	3	14	255	9085	3014	0
58	4	255	355	3029	1057	0
58	5	450	270	10	-1057	0
58	6	422	55	8022	3014	0
58	7	218	450	6091	0	0
58	8	255	38	8077	1057	0
58	9	470	255	10	3014	0
59	0	250	236	5033	-1057	0
59	1	450	99	10	-1057	0
59	2	250	100	10	-1057	0
59	3	5	255	8075	3014	0
59	4	255	358	2088	1057	0
59	5	450	260	10	-1057	0
59	6	414	55	7072	3014	0
59	7	225	450	6092	0	0
59	8	255	48	9093	1057	0
59	9	460	255	10	3014	0
60	0	250	229	7003	-1057	0
60	1	450	89	10	-1057	0
60	2	250	90	9039	-1057	0
60	3	0	255	10	3014	0
60	4	255	361	2067	1057	0
60	5	450	255	10	-1057	0
60	6	408	55	5092	3014	0
60	7	230	450	5031	0	0
60	8	255	50	8034	1057	0
60	9	455	255	10	3014	0
61	0	250	222	705	-1057	0
61	1	450	79	10	-1057	0
61	2	250	81	9017	-1057	0
61	3	0	250	10	0	0
61	4	255	363	1091	1057	0
61	5	450	255	10	-1057	0
61	6	400	55	7068	3014	0
61	7	235	450	4074	0	0
61	8	255	59	9023	1057	0
61	9	455	265	10	1057	0
62	0	250	213	8084	-1057	0
62	1	450	69	10	-1057	0
62	2	250	72	9017	-1057	0
62	3	10	250	10	0	0
62	4	255	363	003	1057	0
62	5	450	245	10	-1057	0
62	6	394	55	6026	3014	0
62	7	241	450	6	0	0
62	8	255	69	10	1057	0
62	9	455	275	10	1057	0
63	0	250	203	10	-1057	0
63	1	450	59	10	-1057	0
63	2	250	62	10	-1057	0
63	3	20	250	10	0	0
63	4	255	363	0019	1057	0
63	5	450	236	8091	-1057	0
63	6	387	55	7058	3014	0
63	7	248	450	7027	0	0
63	8	255	79	10	1057	0
63	9	455	285	10	1057	0
64	0	250	193	9048	-1057	0
64	1	450	55	8039	-1057	0
64	2	250	55	10	-1057	0
64	3	30	250	10	0	0
64	4	255	363	0	1057	0
64	5	450	226	10	-1057	0
64	6	380	55	6046	3014	0
64	7	250	450	8098	0	0
64	8	255	88	9037	1057	0
64	9	455	294	9076	1057	0
65	0	250	185	8025	-1057	0
65	1	450	50	908	0	0
65	2	240	55	10	3014	0
65	3	40	250	10	0	0
65	4	255	365	104	1057	0
65	5	450	216	10	-1057	0
65	6	373	55	608	3014	0
65	7	250	450	9072	0	0
65	8	255	97	8047	1057	0
65	9	455	304	10	1057	0
66	0	250	177	8024	-1057	0
66	1	460	50	10	0	0
66	2	230	55	906	3014	0
66	3	48	250	8003	0	0
66	4	255	366	1091	1057	0
66	5	450	206	10	-1057	0
66	6	368	55	5009	3014	0
66	7	260	450	10	0	0
66	8	255	105	8077	1057	0
66	9	455	314	9026	1057	0
67	0	250	169	8011	-1057	0
67	1	470	50	10	0	0
67	2	220	55	10	3014	0
67	3	50	250	7057	0	0
67	4	255	370	3029	1057	0
67	5	450	196	10	-1057	0
67	6	363	55	5064	3014	0
67	7	270	450	10	0	0
67	8	255	115	9052	1057	0
67	9	455	322	8033	1057	0
68	0	250	159	10	-1057	0
68	1	480	50	10	0	0
68	2	211	55	8053	3014	0
68	3	50	250	9033	-1057	0
68	4	255	372	2002	1057	0
68	5	450	186	9097	-1057	0
68	6	357	55	5078	3014	0
68	7	280	450	10	0	0
68	8	255	125	10	1057	0
68	9	455	332	10	1057	0
69	0	250	149	10	-1057	0
69	1	490	50	10	0	0
69	2	201	55	10	3014	0
69	3	50	240	10	-1057	0
69	4	255	372	0025	1057	0
69	5	450	177	8014	-1057	0
69	6	352	55	4034	3014	0
69	7	290	450	10	0	0
69	8	255	135	10	1057	0
69	9	455	342	10	1057	0
70	0	250	140	8085	-1057	0
70	1	500	50	10	0	0
70	2	193	55	801	3014	0
70	3	50	230	10	-1057	0
70	4	255	374	1088	1057	0
70	5	450	171	6029	-1057	0
70	6	348	55	4044	3014	0
70	7	298	450	8008	0	0
70	8	255	145	10	1057	0
70	9	455	352	10	1057	0
71	0	250	130	10	-1057	0
71	1	490	55	10	3014	0
71	2	184	55	9036	3014	0
71	3	50	220	10	-1057	0
71	4	255	377	3044	1057	0
71	5	450	165	6054	-1057	0
71	6	345	55	3023	3014	0
71	7	305	450	7027	0	0
71	8	255	155	10	1057	0
71	9	455	362	10	1057	0
72	0	250	120	10	-1057	0
72	1	480	55	10	3014	0
72	2	175	55	8085	3014	0
72	3	50	210	10	-1057	0
72	4	255	381	4014	1057	0
72	5	450	157	7059	-1057	0
72	6	341	55	3036	3014	0
72	7	311	450	6042	0	0
72	8	255	165	10	1057	0
72	9	455	372	9087	1057	0
73	0	250	111	902	-1057	0
73	1	470	55	10	3014	0
73	2	166	55	9052	3014	0
73	3	50	200	10	-1057	0
73	4	255	387	5062	1057	0
73	5	450	148	806	-1057	0
73	6	337	55	4058	3014	0
73	7	316	450	4092	0	0
73	8	255	174	9007	1057	0
73	9	455	381	9025	1057	0
74	0	250	101	9081	-1057	0
74	1	460	55	10	3014	0
74	2	156	55	10	3014	0
74	3	50	190	10	-1057	0
74	4	255	393	6027	1057	0
74	5	450	139	9075	-1057	0
74	6	331	55	5035	3014	0
74	7	323	450	6088	0	0
74	8	255	184	10	1057	0
74	9	455	391	908	1057	0
75	0	250	91	10	-1057	0
75	1	455	55	10	3014	0
75	2	147	55	8028	3014	0
75	3	50	180	10	-1057	0
75	4	255	400	6011	1057	0
75	5	450	129	10	-1057	0
75	6	325	55	6005	3014	0
75	7	329	450	5058	0	0
75	8	255	194	10	1057	0
75	9	455	401	10	1057	0
76	0	250	81	10	-1057	0
76	1	450	55	8084	-1057	0
76	2	137	55	10	3014	0
76	3	50	171	8023	-1057	0
76	4	255	404	4082	1057	0
76	5	450	119	9066	-1057	0
76	6	318	55	7044	3014	0
76	7	335	450	6045	0	0
76	8	255	204	10	1057	0
76	9	455	409	804	1057	0
77	0	250	71	10	-1057	0
77	1	450	46	804	-1057	0
77	2	127	55	10	3014	0
77	3	50	165	6045	-1057	0
77	4	255	409	4096	1057	0
77	5	450	109	9085	-1057	0
77	6	310	55	803	3014	0
77	7	342	450	7021	0	0
77	8	255	214	10	1057	0
77	9	455	419	10	1057	0
78	0	250	61	10	-1057	0
78	1	450	37	9047	-1057	0
78	2	117	55	10	3014	0
78	3	50	158	6048	-1057	0
78	4	255	414	4039	1057	0
78	5	450	99	10	-1057	0
78	6	301	55	902	3014	0
78	7	350	450	8007	0	0
78	8	255	224	10	1057	0
78	9	455	429	10	1057	0
79	0	250	55	9047	-1057	0
79	1	450	27	10	-1057	0
79	2	107	55	10	3014	0
79	3	50	152	6081	-1057	0
79	4	255	420	6024	1057	0
79	5	450	89	10	-1057	0
79	6	291	55	9052	3014	0
79	7	358	450	801	0	0
79	8	255	234	10	1057	0
79	9	455	439	10	1057	0
80	0	250	45	9002	-1057	0
80	1	450	17	10	-1057	0
80	2	99	55	802	3014	0
80	3	50	143	8014	-1057	0
80	4	255	426	5089	1057	0
80	5	450	81	8067	-1057	0
80	6	283	55	8008	3014	0
80	7	366	450	7011	0	0
80	8	255	244	10	1057	0
80	9	455	449	10	1057	0
81	0	250	38	7013	-1057	0
81	1	450	7	10	-1057	0
81	2	92	55	608	3014	0
81	3	50	135	8055	-1057	0
81	4	255	432	5091	1057	0
81	5	450	72	8079	-1057	0
81	6	275	55	8012	3014	0
81	7	373	450	7083	0	0
81	8	255	250	9079	1057	0
81	9	455	450	10	1057	0
82	0	250	30	8081	-1057	0
82	1	450	0	904	-1057	0
82	2	85	55	7077	3014	0
82	3	50	126	9018	-1057	0
82	4	255	439	701	1057	0
82	5	450	62	10	-1057	0
82	6	268	55	6048	3014	0
82	7	383	450	9073	0	0
82	8	255	250	10	1057	0
82	9	455	460	10	1057	0
83	0	250	20	10	-1057	0
83	1	455	9	9043	1057	0
83	2	75	55	9059	3014	0
83	3	50	116	10	-1057	0
83	4	255	447	8033	1057	0
83	5	450	55	10	-1057	0
83	6	260	55	7088	3014	0
83	7	393	450	10	0	0
83	8	255	259	9087	1057	0
83	9	455	468	8019	1057	0
84	0	250	10	902	-1057	0
84	1	455	19	10	1057	0
84	2	66	55	8043	3014	0
84	3	50	106	10	-1057	0
84	4	255	450	10	1057	0
84	5	441	55	8097	3014	0
84	6	255	55	9065	3014	0
84	7	403	450	10	0	0
84	8	255	268	8023	1057	0
84	9	455	474	6026	1057	0
85	0	250	3	7038	-1057	0
85	1	455	29	10	1057	0
85	2	56	55	10	3014	0
85	3	50	96	10	-1057	0
85	4	255	460	10	1057	0
85	5	431	55	9055	3014	0
85	6	247	55	7091	3014	0
85	7	412	450	8053	0	0
85	8	255	274	603	1057	0
85	9	455	479	4081	1057	0
86	0	250	0	601	-1057	0
86	1	455	39	10	1057	0
86	2	55	55	10	3014	0
86	3	50	86	10	-1057	0
86	4	255	469	9036	1057	0
86	5	422	55	9021	3014	0
86	6	238	55	8069	3014	0
86	7	421	450	9056	0	0
86	8	255	279	4099	1057	0
86	9	455	485	6052	1057	0
87	0	255	0	7094	1057	0
87	1	455	47	8035	1057	0
87	2	50	55	10	-1057	0
87	3	50	77	8022	-1057	0
87	4	255	479	10	1057	0
87	5	414	55	7097	3014	0
87	6	228	55	9068	3014	0
87	7	431	450	10	0	0
87	8	255	283	4042	1057	0
87	9	455	492	7001	1057	0
88	0	255	6	6045	1057	0
88	1	455	50	9012	1057	0
88	2	50	45	10	-1057	0
88	3	50	70	7082	-1057	0
88	4	255	489	10	1057	0
88	5	406	55	8017	3014	0
88	6	220	55	7084	3014	0
88	7	441	450	10	0	0
88	8	255	286	3	1057	0
88	9	455	500	8002	1057	0
89	0	255	11	5043	1057	0
89	1	455	50	804	1057	0
89	2	50	35	10	-1057	0
89	3	50	62	7097	-1057	0
89	4	255	499	10	1057	0
89	5	397	55	9003	3014	0
89	6	212	55	8049	3014	0
89	7	450	450	10	0	0
89	8	255	291	4061	1057	0
89	9	450	500	9041	-1057	0
90	0	255	17	505	1057	0
90	1	455	56	6098	1057	0
90	2	50	26	8075	-1057	0
90	3	50	55	8093	-1057	0
90	4	255	500	10	1057	0
90	5	387	55	902	3014	0
90	6	205	55	6073	3014	0
90	7	459	450	9042	0	0
90	8	255	297	6001	1057	0
90	9	450	490	10	-1057	0
91	0	255	23	5078	1057	0
91	1	455	63	6048	1057	0
91	2	50	16	10	-1057	0
91	3	60	50	10	0	0
91	4	250	491	8093	-1057	0
91	5	377	55	10	3014	0
91	6	199	55	6029	3014	0
91	7	469	450	9079	0	0
91	8	255	304	7034	1057	0
91	9	450	480	10	-1057	0
92	0	255	30	7054	1057	0
92	1	455	68	5038	1057	0
92	2	50	7	807	-1057	0
92	3	70	50	10	0	0
92	4	250	481	10	-1057	0
92	5	367	55	10	3014	0
92	6	194	55	5	3014	0
92	7	478	450	9032	0	0
92	8	255	312	7072	1057	0
92	9	450	471	8094	-1057	0
93	0	255	39	8081	1057	0
93	1	455	75	6086	1057	0
93	2	50	0	9069	-1057	0
93	3	80	50	10	0	0
93	4	250	471	9049	-1057	0
93	5	357	55	10	3014	0
93	6	190	55	3046	3014	0
93	7	487	450	8088	0	0
93	8	255	320	801	1057	0
93	9	450	461	10	-1057	0
94	0	255	49	9086	1057	0
94	1	455	82	6035	1057	0
94	2	55	7	7071	1057	0
94	3	90	50	10	0	0
94	4	250	461	10	-1057	0
94	5	349	55	8005	3014	0
94	6	186	55	403	3014	0
94	7	495	450	8046	0	0
94	8	255	330	9097	1057	0
94	9	450	455	908	-1057	0
95	0	255	50	10	1057	0
95	1	455	89	7034	1057	0
95	2	55	15	7097	1057	0
95	3	100	50	10	0	0
95	4	250	455	804	-1057	0
95	5	340	55	903	3014	0
95	6	181	55	4063	3014	0
95	7	500	450	9005	0	0
95	8	255	340	10	1057	0
95	9	460	450	10	0	0
96	0	255	58	8073	1057	0
96	1	455	98	9024	1057	0
96	2	55	24	903	1057	0
96	3	110	50	10	0	0
96	4	250	455	9066	3014	0
96	5	330	55	9084	3014	0
96	6	177	55	4075	3014	0
96	7	500	455	10	3014	0
96	8	255	350	10	1057	0
96	9	469	450	9003	0	0
97	0	255	68	9059	1057	0
97	1	455	106	704	1057	0
97	2	55	34	10	1057	0
97	3	120	50	10	0	0
97	4	240	455	10	3014	0
97	5	322	55	8005	3014	0
97	6	170	55	6032	3014	0
97	7	490	455	9015	3014	0
97	8	255	360	10	1057	0
97	9	479	450	10	0	0
98	0	255	78	10	1057	0
98	1	455	114	8047	1057	0
98	2	55	44	10	1057	0
98	3	130	50	10	0	0
98	4	230	455	10	3014	0
98	5	313	55	902	3014	0
98	6	162	55	7096	3014	0
98	7	483	455	7075	3014	0
98	8	255	370	10	1057	0
98	9	489	450	10	0	0
99	0	255	87	9011	1057	0
99	1	455	122	7071	1057	0
99	2	55	50	9095	1057	0
99	3	139	50	9	0	0
99	4	220	455	9044	3014	0
99	5	303	55	10	3014	0
99	6	155	55	7086	3014	0
99	7	474	455	8086	3014	0
99	8	255	380	905	1057	0
99	9	499	450	10	0	0
100	0	255	97	10	1057	0
100	1	455	129	6084	1057	0
100	2	55	55	9098	3014	0
100	3	149	50	10	0	0
100	4	210	455	10	3014	0
100	5	293	55	10	3014	0
100	6	148	55	6061	3014	0
100	7	466	455	7065	3014	0
100	8	255	387	7068	1057	0
100	9	500	450	10	0	0
101	0	255	106	9017	1057	0
101	1	455	134	5045	1057	0
101	2	45	55	9023	3014	0
101	3	159	50	10	0	0
101	4	200	455	10	3014	0
101	5	283	55	10	3014	0
101	6	141	55	7018	3014	0
101	7	457	455	9008	3014	0
101	8	255	397	9063	1057	0
101	9	500	455	10	3014	0
102	0	255	115	8081	1057	0
102	1	455	140	5097	1057	0
102	2	36	55	9046	3014	0
102	3	169	50	10	0	0
102	4	191	455	8061	3014	0
102	5	273	55	10	3014	0
102	6	134	55	7022	3014	0
102	7	455	455	10	3014	0
102	8	255	407	908	1057	0
102	9	490	455	9001	3014	0
103	0	255	124	9054	1057	0
103	1	455	147	6084	1057	0
103	2	26	55	10	3014	0
103	3	179	50	10	0	0
103	4	183	455	8064	3014	0
103	5	263	55	905	3014	0
103	6	128	55	5077	3014	0
103	7	450	446	8035	-1057	0
103	8	255	417	10	1057	0
103	9	481	455	9003	3014	0
104	0	255	134	10	1057	0
104	1	455	154	704	1057	0
104	2	16	55	10	3014	0
104	3	189	50	10	0	0
104	4	176	455	6082	3014	0
104	5	255	55	10	3014	0
104	6	122	55	5042	3014	0
104	7	450	437	9032	-1057	0
104	8	255	425	8063	1057	0
104	9	472	455	9005	3014	0
105	0	255	144	10	1057	0
105	1	455	161	608	1057	0
105	2	7	55	9024	3014	0
105	3	197	50	8054	0	0
105	4	167	455	8076	3014	0
105	5	255	65	10	1057	0
105	6	115	55	6099	3014	0
105	7	450	427	9043	-1057	0
105	8	255	434	8094	1057	0
105	9	464	455	803	3014	0
106	0	255	153	8045	1057	0
106	1	455	169	7073	1057	0
106	2	0	55	10	3014	0
106	3	204	50	6055	0	0
106	4	157	455	10	3014	0
106	5	255	75	10	1057	0
106	6	110	55	5085	3014	0
106	7	450	418	9057	-1057	0
106	8	255	442	8013	1057	0
106	9	456	455	8035	3014	0
107	0	255	163	10	1057	0
107	1	455	177	807	1057	0
107	2	0	50	10	0	0
107	3	212	50	804	0	0
107	4	147	455	10	3014	0
107	5	255	85	10	1057	0
107	6	102	55	7041	3014	0
107	7	450	408	10	-1057	0
107	8	255	450	8042	1057	0
107	9	455	455	9016	3014	0
108	0	255	173	10	1057	0
108	1	455	185	7096	1057	0
108	2	10	50	10	0	0
108	3	222	50	9057	0	0
108	4	137	455	10	3014	0
108	5	255	95	10	1057	0
108	6	96	55	5076	3014	0
108	7	450	399	9022	-1057	0
108	8	247	455	7017	3014	0
108	9	455	464	9026	1057	0
109	0	255	183	10	1057	0
109	1	455	193	7062	1057	0
109	2	19	50	9092	0	0
109	3	232	50	10	0	0
109	4	127	455	10	3014	0
109	5	255	105	10	1057	0
109	6	92	55	4058	3014	0
109	7	450	389	9047	-1057	0
109	8	242	455	5039	3014	0
109	9	455	473	9008	1057	0
110	0	255	193	10	1057	0
110	1	455	200	6086	1057	0
110	2	29	50	9028	0	0
110	3	242	50	10	0	0
110	4	117	455	10	3014	0
110	5	255	115	10	1057	0
110	6	88	55	3091	3014	0
110	7	450	380	8096	-1057	0
110	8	236	455	5052	3014	0
110	9	455	482	9009	1057	0
111	0	255	203	10	1057	0
111	1	455	207	6072	1057	0
111	2	38	50	9061	0	0
111	3	250	50	10	0	0
111	4	108	455	8078	3014	0
111	5	255	125	10	1057	0
111	6	86	55	201	3014	0
111	7	450	370	10	-1057	0
111	8	230	455	6049	3014	0
111	9	455	492	10	1057	0
112	0	255	212	8092	1057	0
112	1	455	214	6094	1057	0
112	2	46	50	707	0	0
112	3	255	60	10	1057	0
112	4	101	455	7042	3014	0
112	5	255	134	9024	1057	0
112	6	82	55	4007	3014	0
112	7	450	360	10	-1057	0
112	8	225	455	5019	3014	0
112	9	455	500	10	1057	0
113	0	255	221	9063	1057	0
113	1	455	222	8078	1057	0
113	2	50	50	6046	0	0
113	3	255	70	10	1057	0
113	4	92	455	902	3014	0
113	5	255	142	8011	1057	0
113	6	77	55	4068	3014	0
113	7	450	351	9044	-1057	0
113	8	221	455	4004	3014	0
113	9	450	500	8099	-1057	0
114	0	255	231	9075	1057	0
114	1	455	231	8079	1057	0
114	2	55	50	7037	1057	0
114	3	255	80	10	1057	0
114	4	82	455	10	3014	0
114	5	255	149	7057	1057	0
114	6	70	55	606	3014	0
114	7	450	341	10	-1057	0
114	8	218	455	2061	3014	0
114	9	450	490	10	-1057	0
115	0	255	241	10	1057	0
115	1	455	241	10	1057	0
115	2	55	57	7051	1057	0
115	3	255	90	10	1057	0
115	4	72	455	10	3014	0
115	5	255	158	8078	1057	0
115	6	66	55	4061	3014	0
115	7	450	331	10	-1057	0
115	8	215	455	3028	3014	0
115	9	450	480	10	-1057	0
116	0	255	250	9093	1057	0
116	1	455	250	9054	1057	0
116	2	55	63	6017	1057	0
116	3	255	99	9053	1057	0
116	4	62	455	10	3014	0
116	5	255	168	10	1057	0
116	6	63	55	2091	3014	0
116	7	450	321	10	-1057	0
116	8	211	455	3034	3014	0
116	9	450	470	10	-1057	0
117	0	255	250	10	0	0
117	1	445	255	10	3014	0
117	2	55	68	4066	1057	0
117	3	255	109	10	1057	0
117	4	55	455	9006	3014	0
117	5	255	177	9027	1057	0
117	6	59	55	4006	3014	0
117	7	450	311	10	-1057	0
117	8	208	455	3059	3014	0
117	9	450	460	10	-1057	0
118	0	265	250	10	0	0
118	1	435	255	10	3014	0
118	2	55	71	3033	1057	0
118	3	255	119	10	1057	0
118	4	45	455	9019	3014	0
118	5	255	187	10	1057	0
118	6	55	55	5007	3014	0
118	7	450	302	8046	-1057	0
118	8	204	455	3053	3014	0
118	9	450	455	9043	-1057	0
119	0	275	250	10	0	0
119	1	425	255	10	3014	0
119	2	55	75	4005	1057	0
119	3	255	129	10	1057	0
119	4	35	455	10	3014	0
119	5	255	197	9074	1057	0
119	6	55	55	3077	3014	0
119	7	450	292	10	-1057	0
119	8	200	455	3088	3014	0
119	9	440	455	10	3014	0
120	0	283	250	8092	0	0
120	1	415	255	10	3014	0
120	2	55	81	503	1057	0
120	3	255	139	9059	1057	0
120	4	25	455	10	3014	0
120	5	255	206	8038	1057	0
120	6	50	55	401	3014	0
120	7	450	282	10	-1057	0
120	8	196	455	4048	3014	0
120	9	431	455	804	3014	0
121	0	293	250	9017	0	0
121	1	405	255	10	3014	0
121	2	55	85	4027	1057	0
121	3	255	147	8005	1057	0
121	4	15	455	10	3014	0
121	5	255	215	902	1057	0
121	6	48	55	2017	3014	0
121	7	450	273	9025	-1057	0
121	8	191	455	5034	3014	0
121	9	424	455	6076	3014	0
122	0	302	250	9089	0	0
122	1	395	255	9049	3014	0
122	2	55	90	5054	1057	0
122	3	255	156	8091	1057	0
122	4	6	455	9066	3014	0
122	5	255	225	10	1057	0
122	6	47	55	1037	3014	0
122	7	450	263	10	-1057	0
122	8	184	455	6072	3014	0
122	9	418	455	6071	3014	0
123	0	312	250	10	0	0
123	1	387	255	7066	3014	0
123	2	55	96	5053	1057	0
123	3	255	165	8095	1057	0
123	4	0	455	9071	3014	0
123	5	255	235	10	1057	0
123	6	47	55	0	3014	0
123	7	450	255	803	-1057	0
123	8	176	455	8025	3014	0
123	9	410	455	7064	3014	0
124	0	322	250	10	0	0
124	1	378	255	9039	3014	0
124	2	55	102	5071	1057	0
124	3	255	174	9067	1057	0
124	4	0	450	10	0	0
124	5	255	245	9093	1057	0
124	6	47	55	0006	3014	0
124	7	450	255	9023	-1057	0
124	8	169	455	6088	3014	0
124	9	401	455	8082	3014	0
125	0	332	250	10	0	0
125	1	368	255	9093	3014	0
125	2	55	108	6048	1057	0
125	3	255	184	10	1057	0
125	4	9	450	9051	0	0
125	5	255	250	10	1057	0
125	6	45	55	1079	3014	0
125	7	442	255	7043	3014	0
125	8	163	455	5087	3014	0
125	9	391	455	10	3014	0
126	0	342	250	10	0	0
126	1	358	255	10	3014	0
126	2	55	113	4095	1057	0
126	3	255	194	9051	1057	0
126	4	19	450	10	0	0
126	5	255	250	902	0	0
126	6	43	55	1096	3014	0
126	7	433	255	8092	3014	0
126	8	155	455	7044	3014	0
126	9	381	455	10	3014	0
127	0	352	250	10	0	0
127	1	348	255	10	3014	0
127	2	55	119	5049	1057	0
127	3	255	204	10	1057	0
127	4	29	450	10	0	0
127	5	263	250	8078	0	0
127	6	41	55	2053	3014	0
127	7	426	255	7019	3014	0
127	8	147	455	8053	3014	0
127	9	371	455	10	3014	0
128	0	362	250	10	0	0
128	1	338	255	10	3014	0
128	2	55	124	5023	1057	0
128	3	255	214	10	1057	0
128	4	39	450	10	0	0
128	5	273	250	10	0	0
128	6	36	55	4021	3014	0
128	7	420	255	6031	3014	0
128	8	137	455	10	3014	0
128	9	361	455	10	3014	0
129	0	372	250	10	0	0
129	1	328	255	9059	3014	0
129	2	55	129	502	1057	0
129	3	255	224	10	1057	0
129	4	49	450	10	0	0
129	5	283	250	10	0	0
129	6	33	55	3013	3014	0
129	7	413	255	609	3014	0
129	8	127	455	10	3014	0
129	9	351	455	10	3014	0
130	0	381	250	8089	0	0
130	1	319	255	903	3014	0
130	2	55	133	4017	1057	0
130	3	255	234	10	1057	0
130	4	50	450	8097	0	0
130	5	293	250	9034	0	0
130	6	29	55	4035	3014	0
130	7	405	255	7069	3014	0
130	8	117	455	10	3014	0
130	9	342	455	905	3014	0
131	0	391	250	10	0	0
131	1	310	255	8079	3014	0
131	2	55	136	3005	1057	0
131	3	255	244	10	1057	0
131	4	60	450	10	0	0
131	5	303	250	10	0	0
131	6	26	55	2078	3014	0
131	7	399	255	5097	3014	0
131	8	108	455	9006	3014	0
131	9	333	455	8036	3014	0
132	0	401	250	10	0	0
132	1	301	255	9003	3014	0
132	2	55	141	4078	1057	0
132	3	255	250	10	1057	0
132	4	69	450	9065	0	0
132	5	313	250	10	0	0
132	6	22	55	4019	3014	0
132	7	392	255	606	3014	0
132	8	101	455	7028	3014	0
132	9	325	455	8011	3014	0
133	0	410	250	8036	0	0
133	1	292	255	9026	3014	0
133	2	55	147	5081	1057	0
133	3	255	250	10	1057	0
133	4	77	450	7098	0	0
133	5	323	250	10	0	0
133	6	16	55	6017	3014	0
133	7	385	255	7015	3014	0
133	8	92	455	8084	3014	0
133	9	319	455	6027	3014	0
134	0	417	250	7023	0	0
134	1	282	255	9073	3014	0
134	2	55	153	6056	1057	0
134	3	255	260	10	1057	0
134	4	84	450	6089	0	0
134	5	333	250	10	0	0
134	6	8	55	7061	3014	0
134	7	379	255	6035	3014	0
134	8	85	455	7029	3014	0
134	9	311	455	707	3014	0
135	0	422	250	5035	0	0
135	1	275	255	7081	3014	0
135	2	55	158	4075	1057	0
135	3	255	270	10	1057	0
135	4	92	450	8014	0	0
135	5	341	250	8017	0	0
135	6	1	55	7037	3014	0
135	7	374	255	4057	3014	0
135	8	79	455	5044	3014	0
135	9	302	455	9069	3014	0
136	0	427	250	402	0	0
136	1	267	255	7042	3014	0
136	2	55	161	2095	1057	0
136	3	255	280	10	1057	0
136	4	99	450	7012	0	0
136	5	350	250	8073	0	0
136	6	0	55	8036	3014	0
136	7	369	255	5051	3014	0
136	8	73	455	507	3014	0
136	9	292	455	10	3014	0
137	0	432	250	507	0	0
137	1	259	255	8016	3014	0
137	2	55	164	3014	1057	0
137	3	255	290	10	1057	0
137	4	105	450	5073	0	0
137	5	358	250	805	0	0
137	6	0	50	8014	0	0
137	7	362	255	6058	3014	0
137	8	67	455	6016	3014	0
137	9	282	455	9021	3014	0
138	0	437	250	4055	0	0
138	1	255	255	8017	3014	0
138	2	55	169	4099	1057	0
138	3	255	300	10	1057	0
138	4	112	450	6051	0	0
138	5	365	250	6056	0	0
138	6	6	50	603	0	0
138	7	355	255	6094	3014	0
138	8	60	455	609	3014	0
138	9	272	455	10	3014	0
139	0	443	250	6023	0	0
139	1	250	255	6059	-1057	0
139	2	55	175	6	1057	0
139	3	255	310	10	1057	0
139	4	120	450	8001	0	0
139	5	372	250	7001	0	0
139	6	10	50	4035	0	0
139	7	350	255	5065	3014	0
139	8	55	455	6007	3014	0
139	9	262	455	10	3014	0
140	0	450	250	7069	0	0
140	1	250	246	8039	-1057	0
140	2	55	182	7025	1057	0
140	3	255	319	9018	1057	0
140	4	129	450	9048	0	0
140	5	379	250	7005	0	0
140	6	15	50	4061	0	0
140	7	345	255	406	3014	0
140	8	55	461	6082	1057	0
140	9	255	455	10	3014	0
141	0	450	250	7094	-1057	0
141	1	250	236	9061	-1057	0
141	2	55	189	6028	1057	0
141	3	255	329	10	1057	0
141	4	137	450	8023	0	0
141	5	387	250	8048	0	0
141	6	19	50	4023	0	0
141	7	341	255	4	3014	0
141	8	55	469	8007	1057	0
141	9	255	465	10	1057	0
142	0	450	241	8045	-1057	0
142	1	250	226	10	-1057	0
142	2	55	196	7008	1057	0
142	3	255	339	10	1057	0
142	4	145	450	7032	0	0
142	5	397	250	9078	0	0
142	6	24	50	5007	0	0
142	7	337	255	402	3014	0
142	8	55	477	7089	1057	0
142	9	255	474	9051	1057	0
143	0	450	233	8043	-1057	0
143	1	250	216	10	-1057	0
143	2	55	201	5024	1057	0
143	3	255	349	10	1057	0
143	4	153	450	8084	0	0
143	5	407	250	9071	0	0
143	6	28	50	306	0	0
143	7	333	255	4041	3014	0
143	8	55	484	6028	1057	0
143	9	255	484	10	1057	0
144	0	450	224	804	-1057	0
144	1	250	207	9084	-1057	0
144	2	55	207	6021	1057	0
144	3	255	359	10	1057	0
144	4	163	450	9088	0	0
144	5	415	250	8063	0	0
144	6	32	50	4017	0	0
144	7	327	255	5071	3014	0
144	8	55	489	5009	1057	0
144	9	255	494	10	1057	0
145	0	450	216	8049	-1057	0
145	1	250	197	9085	-1057	0
145	2	55	213	5061	1057	0
145	3	255	367	801	1057	0
145	4	172	450	8069	0	0
145	5	425	250	10	0	0
145	6	37	50	5057	0	0
145	7	322	255	4045	3014	0
145	8	55	494	5082	1057	0
145	9	255	500	8058	1057	0
146	0	450	209	6054	-1057	0
146	1	250	188	8045	-1057	0
146	2	55	220	609	1057	0
146	3	255	376	906	1057	0
146	4	181	450	8082	0	0
146	5	434	250	9008	0	0
146	6	42	50	4061	0	0
146	7	316	255	601	3014	0
146	8	55	500	5061	1057	0
146	9	250	490	9073	-1057	0
147	0	450	203	6063	-1057	0
147	1	250	178	10	-1057	0
147	2	55	227	7067	1057	0
147	3	255	386	10	1057	0
147	4	191	450	10	0	0
147	5	444	250	10	0	0
147	6	46	50	404	0	0
147	7	309	255	7054	3014	0
147	8	50	496	307	-1057	0
147	9	250	480	10	-1057	0
148	0	450	194	804	-1057	0
148	1	250	168	10	-1057	0
148	2	55	236	8023	1057	0
148	3	255	396	9075	1057	0
148	4	201	450	10	0	0
148	5	450	250	10	0	0
148	6	50	50	5062	0	0
148	7	300	255	8031	3014	0
148	8	50	493	2065	-1057	0
148	9	250	470	10	-1057	0
149	0	450	184	10	-1057	0
149	1	250	158	10	-1057	0
149	2	55	244	8036	1057	0
149	3	255	406	9044	1057	0
149	4	211	450	10	0	0
149	5	450	250	10	-1057	0
149	6	55	50	7039	1057	0
149	7	291	255	9007	3014	0
149	8	50	492	1025	-1057	0
149	9	250	460	10	-1057	0
150	0	450	174	10	-1057	0
150	1	250	149	8092	-1057	0
150	2	55	250	9016	1057	0
150	3	255	416	10	1057	0
150	4	220	450	9037	0	0
150	5	450	240	10	-1057	0
150	6	55	58	8089	1057	0
150	7	283	255	8038	3014	0
150	8	50	490	2035	-1057	0
150	9	250	455	10	-1057	0
151	0	450	165	8092	-1057	0
151	1	250	139	10	-1057	0
151	2	55	257	7069	1057	0
151	3	255	425	9087	1057	0
151	4	230	450	10	0	0
151	5	450	230	10	-1057	0
151	6	55	66	7013	1057	0
151	7	276	255	6047	3014	0
151	8	50	485	4018	-1057	0
151	9	250	455	8078	-1057	0
152	0	450	155	9077	-1057	0
152	1	250	131	8085	-1057	0
152	2	55	267	9048	1057	0
152	3	255	435	9094	1057	0
152	4	238	450	8016	0	0
152	5	450	220	10	-1057	0
152	6	55	74	8066	1057	0
152	7	269	255	7081	3014	0
152	8	50	481	4078	-1057	0
152	9	250	447	7049	-1057	0
153	0	450	146	9015	-1057	0
153	1	250	123	7055	-1057	0
153	2	55	275	8036	1057	0
153	3	255	445	10	1057	0
153	4	247	450	8073	0	0
153	5	450	211	8072	-1057	0
153	6	55	84	9056	1057	0
153	7	260	255	8041	3014	0
153	8	50	476	4017	-1057	0
153	9	250	440	6089	-1057	0
154	0	450	136	9089	-1057	0
154	1	250	117	5062	-1057	0
154	2	55	284	9035	1057	0
154	3	255	450	10	1057	0
154	4	250	450	10	0	0
154	5	450	201	10	-1057	0
154	6	55	94	9099	1057	0
154	7	255	255	7092	3014	0
154	8	50	472	4024	-1057	0
154	9	250	432	7082	-1057	0
155	0	450	126	10	-1057	0
155	1	250	112	5037	-1057	0
155	2	55	294	10	1057	0
155	3	255	460	10	1057	0
155	4	250	450	8038	-1057	0
155	5	450	191	10	-1057	0
155	6	55	104	10	1057	0
155	7	250	255	9016	-1057	0
155	8	50	466	6003	-1057	0
155	9	250	423	9039	-1057	0
156	0	450	116	10	-1057	0
156	1	250	107	4067	-1057	0
156	2	55	304	9091	1057	0
156	3	255	470	10	1057	0
156	4	250	442	7092	-1057	0
156	5	450	182	8081	-1057	0
156	6	55	112	807	1057	0
156	7	250	245	9056	-1057	0
156	8	50	459	7064	-1057	0
156	9	250	413	9068	-1057	0
157	0	450	106	10	-1057	0
157	1	250	103	4036	-1057	0
157	2	55	314	10	1057	0
157	3	255	480	10	1057	0
157	4	250	435	6057	-1057	0
157	5	450	174	7093	-1057	0
157	6	55	120	7097	1057	0
157	7	250	236	8077	-1057	0
157	8	50	455	7059	-1057	0
157	9	250	404	9032	-1057	0
158	0	450	98	8007	-1057	0
158	1	250	97	5077	-1057	0
158	2	55	324	10	1057	0
158	3	255	489	9031	1057	0
158	4	250	429	6008	-1057	0
158	5	450	166	7056	-1057	0
158	6	55	129	8013	1057	0
158	7	250	228	8004	-1057	0
158	8	42	455	7076	3014	0
158	9	250	394	9082	-1057	0
159	0	450	92	6077	-1057	0
159	1	250	91	6022	-1057	0
159	2	55	333	8067	1057	0
159	3	255	498	9069	1057	0
159	4	250	422	606	-1057	0
159	5	450	158	8028	-1057	0
159	6	55	139	10	1057	0
159	7	250	219	9038	-1057	0
159	8	32	455	9051	3014	0
159	9	250	386	804	-1057	0
160	0	450	84	7057	-1057	0
160	1	250	83	7056	-1057	0
160	2	55	342	8083	1057	0
160	3	255	500	9072	1057	0
160	4	250	416	6008	-1057	0
160	5	450	149	8099	-1057	0
160	6	55	149	10	1057	0
160	7	250	209	9091	-1057	0
160	8	22	455	10	3014	0
160	9	250	376	902	-1057	0
161	0	450	78	5092	-1057	0
161	1	250	74	9044	-1057	0
161	2	55	352	10	1057	0
161	3	250	491	8013	-1057	0
161	4	250	410	6022	-1057	0
161	5	450	140	9007	-1057	0
161	6	55	159	10	1057	0
161	7	250	199	10	-1057	0
161	8	12	455	10	3014	0
161	9	250	366	10	-1057	0
162	0	450	73	501	-1057	0
162	1	250	64	10	-1057	0
162	2	55	362	10	1057	0
162	3	250	482	901	-1057	0
162	4	250	403	6053	-1057	0
162	5	450	130	10	-1057	0
162	6	55	169	10	1057	0
162	7	250	190	9016	-1057	0
162	8	2	455	10	3014	0
162	9	250	358	8073	-1057	0
163	0	450	67	5049	-1057	0
163	1	250	55	10	-1057	0
163	2	55	372	10	1057	0
163	3	250	475	7042	-1057	0
163	4	250	395	8031	-1057	0
163	5	450	120	10	-1057	0
163	6	55	179	10	1057	0
163	7	250	182	7076	-1057	0
163	8	0	455	10	3014	0
163	9	250	351	6079	-1057	0
164	0	450	61	6088	-1057	0
164	1	240	55	10	3014	0
164	2	55	382	10	1057	0
164	3	250	466	9001	-1057	0
164	4	250	387	8053	-1057	0
164	5	450	110	10	-1057	0
164	6	55	189	10	1057	0
164	7	250	173	9002	-1057	0
164	8	0	450	9046	0	0
164	9	250	343	8006	-1057	0
165	0	450	55	7063	-1057	0
165	1	230	55	10	3014	0
165	2	55	392	9077	1057	0
165	3	250	456	908	-1057	0
165	4	250	379	7049	-1057	0
165	5	450	100	10	-1057	0
165	6	55	197	8029	1057	0
165	7	250	164	8088	-1057	0
165	8	9	450	908	0	0
165	9	250	335	8025	-1057	0
166	0	450	55	8027	-1057	0
166	1	220	55	10	3014	0
166	2	55	402	10	1057	0
166	3	250	455	10	-1057	0
166	4	250	371	8001	-1057	0
166	5	450	91	8084	-1057	0
166	6	55	205	8047	1057	0
166	7	250	157	7046	-1057	0
166	8	19	450	9045	0	0
166	9	250	326	8092	-1057	0
167	0	450	45	9013	-1057	0
167	1	211	55	8097	3014	0
167	2	55	412	10	1057	0
167	3	250	455	10	-1057	0
167	4	250	364	7014	-1057	0
167	5	450	81	10	-1057	0
167	6	55	213	7037	1057	0
167	7	250	149	7058	-1057	0
167	8	28	450	9042	0	0
167	9	250	316	9054	-1057	0
168	0	450	35	10	-1057	0
168	1	201	55	10	3014	0
168	2	55	422	10	1057	0
168	3	250	445	10	-1057	0
168	4	250	355	8074	-1057	0
168	5	450	71	10	-1057	0
168	6	55	220	7063	1057	0
168	7	250	140	8068	-1057	0
168	8	37	450	9014	0	0
168	9	250	306	9086	-1057	0
169	0	450	25	9089	-1057	0
169	1	191	55	10	3014	0
169	2	55	432	10	1057	0
169	3	250	435	10	-1057	0
169	4	250	345	10	-1057	0
169	5	450	61	10	-1057	0
169	6	55	228	7082	1057	0
169	7	250	130	10	-1057	0
169	8	47	450	10	0	0
169	9	250	296	10	-1057	0
170	0	450	17	8035	-1057	0
170	1	181	55	10	3014	0
170	2	55	442	10	1057	0
170	3	250	425	10	-1057	0
170	4	250	336	9053	-1057	0
170	5	450	55	10	-1057	0
170	6	55	237	8077	1057	0
170	7	250	120	10	-1057	0
170	8	50	450	8083	0	0
170	9	250	286	10	-1057	0
171	0	450	8	9052	-1057	0
171	1	172	55	8018	3014	0
171	2	55	450	8079	1057	0
171	3	250	415	10	-1057	0
171	4	250	327	8033	-1057	0
171	5	450	50	10	0	0
171	6	55	246	904	1057	0
171	7	250	110	10	-1057	0
171	8	59	450	9063	0	0
171	9	250	276	10	-1057	0
172	0	450	0	10	-1057	0
172	1	165	55	7009	3014	0
172	2	55	457	7015	1057	0
172	3	250	405	10	-1057	0
172	4	250	321	6078	-1057	0
172	5	460	50	10	0	0
172	6	55	250	8053	1057	0
172	7	250	100	10	-1057	0
172	8	68	450	9024	0	0
172	9	250	266	10	-1057	0
173	0	455	8	8051	1057	0
173	1	157	55	8013	3014	0
173	2	55	462	5076	1057	0
173	3	250	396	8095	-1057	0
173	4	250	315	5015	-1057	0
173	5	470	50	10	0	0
173	6	65	250	10	0	0
173	7	250	90	10	-1057	0
173	8	78	450	10	0	0
173	9	250	256	10	-1057	0
174	0	455	15	6073	1057	0
174	1	150	55	7049	3014	0
174	2	55	469	7005	1057	0
174	3	250	386	9091	-1057	0
174	4	250	309	6049	-1057	0
174	5	478	50	8088	0	0
174	6	75	250	10	0	0
174	7	250	80	10	-1057	0
174	8	88	450	10	0	0
174	9	250	255	10	-1057	0
175	0	455	22	7046	1057	0
175	1	141	55	8088	3014	0
175	2	55	477	7031	1057	0
175	3	250	376	10	-1057	0
175	4	250	301	8011	-1057	0
175	5	488	50	9043	0	0
175	6	85	250	10	0	0
175	7	250	70	10	-1057	0
175	8	98	450	9027	0	0
175	9	250	255	10	3014	0
176	0	455	29	7026	1057	0
176	1	131	55	10	3014	0
176	2	55	485	8002	1057	0
176	3	250	366	10	-1057	0
176	4	250	292	8095	-1057	0
176	5	496	50	8024	0	0
176	6	94	250	9097	0	0
176	7	250	60	10	-1057	0
176	8	108	450	10	0	0
176	9	240	255	10	3014	0
177	0	455	37	7061	1057	0
177	1	121	55	906	3014	0
177	2	55	493	8	1057	0
177	3	250	356	10	-1057	0
177	4	250	282	10	-1057	0
177	5	500	50	6027	0	0
177	6	104	250	9049	0	0
177	7	250	55	8055	-1057	0
177	8	118	450	10	0	0
177	9	230	255	10	3014	0
178	0	455	46	9012	1057	0
178	1	112	55	9019	3014	0
178	2	55	500	7041	1057	0
178	3	250	346	10	-1057	0
178	4	250	272	10	-1057	0
178	5	492	55	7065	3014	0
178	6	112	250	8041	0	0
178	7	259	50	9032	0	0
178	8	127	450	9086	0	0
178	9	220	255	10	3014	0
179	0	455	50	10	1057	0
179	1	102	55	10	3014	0
179	2	50	492	7043	-1057	0
179	3	250	337	9002	-1057	0
179	4	250	263	9009	-1057	0
179	5	484	55	7041	3014	0
179	6	121	250	805	0	0
179	7	268	50	9041	0	0
179	8	136	450	8018	0	0
179	9	210	255	10	3014	0
180	0	455	50	9066	0	0
180	1	93	55	9037	3014	0
180	2	50	484	8044	-1057	0
180	3	250	327	10	-1057	0
180	4	250	255	9011	-1057	0
180	5	475	55	8099	3014	0
180	6	131	250	10	0	0
180	7	278	50	10	0	0
180	8	144	450	8033	0	0
180	9	200	255	9016	3014	0
181	0	465	50	10	0	0
181	1	84	55	806	3014	0
181	2	50	475	9	-1057	0
181	3	250	318	8048	-1057	0
181	4	250	255	8002	-1057	0
181	5	466	55	905	3014	0
181	6	141	250	10	0	0
181	7	288	50	10	0	0
181	8	154	450	9075	0	0
181	9	190	255	909	3014	0
182	0	475	50	10	0	0
182	1	76	55	7065	3014	0
182	2	50	465	9022	-1057	0
182	3	250	308	908	-1057	0
182	4	250	246	8024	-1057	0
182	5	456	55	9049	3014	0
182	6	151	250	10	0	0
182	7	296	50	8005	0	0
182	8	163	450	8098	0	0
182	9	182	255	803	3014	0
183	0	483	50	8019	0	0
183	1	68	55	8029	3014	0
183	2	50	457	8081	-1057	0
183	3	250	298	9092	-1057	0
183	4	250	239	7073	-1057	0
183	5	455	55	9066	3014	0
183	6	161	250	10	0	0
183	7	304	50	7053	0	0
183	8	172	450	8092	0	0
183	9	173	255	8076	3014	0
184	0	490	50	7051	0	0
184	1	60	55	8024	3014	0
184	2	50	455	9042	-1057	0
184	3	250	288	10	-1057	0
184	4	250	230	8045	-1057	0
184	5	455	55	10	1057	0
184	6	171	250	10	0	0
184	7	312	50	7081	0	0
184	8	179	450	7067	0	0
184	9	165	255	8042	3014	0
185	0	497	50	604	0	0
185	1	55	55	6074	3014	0
185	2	50	455	10	-1057	0
185	3	250	278	10	-1057	0
185	4	250	224	6054	-1057	0
185	5	455	65	10	1057	0
185	6	181	250	10	0	0
185	7	319	50	7032	0	0
185	8	188	450	8098	0	0
185	9	156	255	8086	3014	0
186	0	500	50	5071	0	0
186	1	55	55	8002	3014	0
186	2	50	445	10	-1057	0
186	3	250	268	10	-1057	0
186	4	250	216	7052	-1057	0
186	5	455	75	10	1057	0
186	6	191	250	10	0	0
186	7	325	50	604	0	0
186	8	197	450	9007	0	0
186	9	146	255	10	3014	0
187	0	494	55	5021	3014	0
187	1	46	55	8034	3014	0
187	2	50	435	10	-1057	0
187	3	250	259	9083	-1057	0
187	4	250	208	7074	-1057	0
187	5	455	84	9097	1057	0
187	6	201	250	9063	0	0
187	7	332	50	6087	0	0
187	8	207	450	9049	0	0
187	9	136	255	10	3014	0
188	0	487	55	7001	3014	0
188	1	37	55	9054	3014	0
188	2	50	425	10	-1057	0
188	3	250	255	9042	-1057	0
188	4	250	200	8037	-1057	0
188	5	455	94	10	1057	0
188	6	211	250	10	0	0
188	7	341	50	8068	0	0
188	8	217	450	10	0	0
188	9	126	255	10	3014	0
189	0	482	55	5039	3014	0
189	1	28	55	8088	3014	0
189	2	50	415	10	-1057	0
189	3	259	250	9051	0	0
189	4	250	190	10	-1057	0
189	5	455	104	9013	1057	0
189	6	221	250	10	0	0
189	7	349	50	8043	0	0
189	8	226	450	9035	0	0
189	9	117	255	8087	3014	0
190	0	477	55	4053	3014	0
190	1	20	55	7025	3014	0
190	2	50	406	8	-1057	0
190	3	268	250	8064	0	0
190	4	250	180	10	-1057	0
190	5	455	113	9004	1057	0
190	6	231	250	10	0	0
190	7	358	50	805	0	0
190	8	236	450	10	0	0
190	9	107	255	909	3014	0
191	0	472	55	507	3014	0
191	1	15	55	5067	3014	0
191	2	50	397	909	-1057	0
191	3	277	250	902	0	0
191	4	250	170	10	-1057	0
191	5	455	122	9012	1057	0
191	6	239	250	8069	0	0
191	7	368	50	10	0	0
191	8	246	450	10	0	0
191	9	98	255	9078	3014	0
192	0	466	55	5092	3014	0
192	1	10	55	406	3014	0
192	2	50	387	10	-1057	0
192	3	287	250	9093	0	0
192	4	250	160	10	-1057	0
192	5	455	132	10	1057	0
192	6	248	250	8071	0	0
192	7	378	50	10	0	0
192	8	250	450	10	0	0
192	9	88	255	10	3014	0
193	0	460	55	5093	3014	0
193	1	5	55	5011	3014	0
193	2	50	377	10	-1057	0
193	3	297	250	9072	0	0
193	4	250	151	8095	-1057	0
193	5	455	142	10	1057	0
193	6	250	250	9087	0	0
193	7	388	50	10	0	0
193	8	250	450	10	0	0
193	9	78	255	9089	3014	0
194	0	455	55	7002	3014	0
194	1	0	55	6061	3014	0
194	2	50	367	10	-1057	0
194	3	307	250	10	0	0
194	4	250	141	9068	-1057	0
194	5	455	151	8084	1057	0
194	6	260	250	10	0	0
194	7	398	50	9069	0	0
194	8	260	450	10	0	0
194	9	68	255	10	3014	0
